acc: 0.7493818438714235
prec: 0.7275937447452497
recall: 0.7803426510369702
f1: 0.7530455969369997