acc: 0.7477922995407983
prec: 0.7244384847468991
recall: 0.7809902421395013
f1: 0.7516521739130435